0 93 43 65 47 89 6 97 25 64 48 9 62 95 45 54 34 79 34 35 91 94 58 10 84 39 14 53 71 13 20 37 66 36 76 48 89 29 60 15 65 31 70 26 74 59 22 63 37 93
93 0 48 60 63 8 87 88 3 92 78 73 11 53 94 69 40 14 93 98 48 35 19 73 4 2 5 47 65 74 40 93 16 83 97 99 32 65 43 31 40 31 66 48 60 6 66 64 85 39
43 48 0 24 94 85 51 94 20 72 99 36 2 25 72 33 63 90 92 33 89 57 90 34 92 90 94 47 13 63 21 28 32 14 96 55 72 50 92 54 82 84 45 21 49 26 86 18 24 24
65 60 24 0 86 55 65 61 74 3 95 80 60 9 20 46 85 57 91 93 58 17 30 79 70 93 76 54 84 7 28 48 75 50 60 35 88 26 62 65 97 31 58 99 36 43 23 10 87 8
47 63 94 86 0 95 88 23 55 93 40 81 79 88 27 86 22 91 60 58 66 52 70 40 25 70 39 82 41 34 67 82 33 99 73 3 65 63 28 62 51 8 14 14 52 59 24 5 10 100
89 8 85 55 95 0 46 88 43 72 52 13 65 60 27 73 1 12 59 15 2 5 10 78 36 33 84 82 49 11 91 27 59 96 20 8 17 61 92 74 84 94 80 74 47 68 34 44 41 65
6 87 51 65 88 46 0 46 89 6 51 9 46 8 58 75 88 74 76 10 65 90 71 53 92 82 65 28 77 79 48 78 2 51 73 84 79 72 85 83 81 75 34 27 39 88 46 83 21 99
97 88 94 61 23 88 46 0 40 78 75 6 39 74 9 34 92 8 43 40 83 39 1 86 26 10 92 21 72 89 59 34 67 68 66 93 95 81 10 47 16 70 96 61 39 9 80 92 45 54
25 3 20 74 55 43 89 40 0 11 41 43 95 49 79 73 94 10 62 87 16 17 39 79 53 49 22 38 60 23 98 98 88 4 71 74 47 62 46 93 85 23 12 97 43 41 53 60 55 88
64 92 72 3 93 72 6 78 11 0 85 50 4 17 63 47 94 92 71 91 29 85 76 45 100 15 83 85 23 68 12 23 83 15 98 35 56 10 73 94 78 37 66 68 98 55 98 90 67 96
48 78 99 95 40 52 51 75 41 85 0 58 67 95 21 55 47 24 33 0 68 93 95 98 18 31 14 71 63 44 13 31 100 79 84 49 61 67 49 37 57 91 2 17 37 88 52 97 53 59
9 73 36 80 81 13 9 6 43 50 58 0 73 37 89 61 87 7 86 10 47 58 13 56 16 79 92 62 16 57 51 13 24 53 83 19 83 63 45 40 70 36 67 50 94 17 15 55 6 76
62 11 2 60 79 65 46 39 95 4 67 73 0 66 98 21 30 88 3 95 16 37 73 22 97 84 76 41 24 26 15 41 84 49 42 55 1 88 1 92 70 16 77 86 71 93 1 3 73 56
95 53 25 9 88 60 8 74 49 17 95 37 66 0 67 15 84 45 38 75 88 39 75 82 44 23 43 97 18 37 2 66 94 74 10 32 18 91 97 7 65 37 17 95 21 22 33 34 31 52
45 94 72 20 27 27 58 9 79 63 21 89 98 67 0 5 40 50 71 25 99 99 26 81 53 40 71 52 46 2 52 70 5 63 70 48 79 50 68 17 33 40 57 65 46 75 91 10 96 81
54 69 33 46 86 73 75 34 73 47 55 61 21 15 5 0 87 92 7 70 28 79 14 97 13 31 61 50 41 91 85 27 90 38 0 92 49 66 38 92 67 26 95 82 0 18 78 48 63 57
34 40 63 85 22 1 88 92 94 94 47 87 30 84 40 87 0 91 52 46 85 35 10 22 87 78 26 19 92 82 30 76 19 78 5 38 99 84 9 0 9 63 100 6 33 64 41 49 35 63
79 14 90 57 91 12 74 8 10 92 24 7 88 45 50 92 91 0 50 49 27 39 58 8 55 28 91 44 97 55 98 13 76 36 95 43 82 59 68 13 57 4 86 27 74 29 24 86 73 44
34 93 92 91 60 59 76 43 62 71 33 86 3 38 71 7 52 50 0 52 31 19 7 22 51 68 55 63 38 74 81 73 58 80 76 49 53 19 88 1 63 9 62 7 37 14 69 16 24 96
35 98 33 93 58 15 10 40 87 91 0 10 95 75 25 70 46 49 52 0 97 56 80 99 16 84 77 40 67 44 88 96 51 94 11 2 87 34 89 26 93 3 82 5 34 36 14 68 90 33
91 48 89 58 66 2 65 83 16 29 68 47 16 88 99 28 85 27 31 97 0 46 42 13 50 0 11 60 11 26 82 24 19 93 21 73 69 58 31 9 75 10 98 27 12 19 91 51 1 84
94 35 57 17 52 5 90 39 17 85 93 58 37 39 99 79 35 39 19 56 46 0 46 87 49 39 9 15 98 38 28 70 3 86 2 42 93 2 39 82 86 94 25 50 76 52 49 58 37 5
58 19 90 30 70 10 71 1 39 76 95 13 73 75 26 14 10 58 7 80 42 46 0 89 10 56 66 39 29 25 71 99 37 10 1 19 64 28 27 65 10 2 23 19 64 44 32 69 68 97
10 73 34 79 40 78 53 86 79 45 98 56 22 82 81 97 22 8 22 99 13 87 89 0 60 0 18 44 12 24 53 53 23 80 45 51 21 93 70 78 57 88 68 34 18 81 48 4 98 67
84 4 92 70 25 36 92 26 53 100 18 16 97 44 53 13 87 55 51 16 50 49 10 60 0 34 43 84 68 19 34 13 95 99 2 23 83 77 60 49 51 76 53 7 9 48 18 89 70 21
39 2 90 93 70 33 82 10 49 15 31 79 84 23 40 31 78 28 68 84 0 39 56 0 34 0 17 52 50 16 31 56 3 84 62 76 51 96 6 52 89 91 77 65 81 82 64 23 91 51
14 5 94 76 39 84 65 92 22 83 14 92 76 43 71 61 26 91 55 77 11 9 66 18 43 17 0 86 78 64 84 38 2 41 62 93 39 45 35 71 25 40 35 25 3 23 68 4 25 30
53 47 47 54 82 82 28 21 38 85 71 62 41 97 52 50 19 44 63 40 60 15 39 44 84 52 86 0 61 0 73 15 96 46 24 31 72 31 15 28 77 59 45 45 68 18 14 23 48 67
71 65 13 84 41 49 77 72 60 23 63 16 24 18 46 41 92 97 38 67 11 98 29 12 68 50 78 61 0 57 34 68 85 5 77 54 76 7 0 18 27 1 73 68 97 73 1 5 84 77
13 74 63 7 34 11 79 89 23 68 44 57 26 37 2 91 82 55 74 44 26 38 25 24 19 16 64 0 57 0 45 84 21 41 54 80 7 99 72 43 51 4 44 59 92 1 4 7 96 3
20 40 21 28 67 91 48 59 98 12 13 51 15 2 52 85 30 98 81 88 82 28 71 53 34 31 84 73 34 45 0 69 45 36 86 92 54 55 80 39 23 56 12 39 90 91 83 1 40 40
37 93 28 48 82 27 78 34 98 23 31 13 41 66 70 27 76 13 73 96 24 70 99 53 13 56 38 15 68 84 69 0 73 53 96 61 40 24 15 90 38 55 74 55 4 18 32 67 77 62
66 16 32 75 33 59 2 67 88 83 100 24 84 94 5 90 19 76 58 51 19 3 37 23 95 3 2 96 85 21 45 73 0 95 7 85 91 0 36 7 23 99 28 42 13 82 0 60 43 60
36 83 14 50 99 96 51 68 4 15 79 53 49 74 63 38 78 36 80 94 93 86 10 80 99 84 41 46 5 41 36 53 95 0 78 86 6 33 96 57 35 63 39 49 32 13 84 99 93 28
76 97 96 60 73 20 73 66 71 98 84 83 42 10 70 0 5 95 76 11 21 2 1 45 2 62 62 24 77 54 86 96 7 78 0 26 82 41 87 95 51 48 2 51 14 36 60 52 15 53
48 99 55 35 3 8 84 93 74 35 49 19 55 32 48 92 38 43 49 2 73 42 19 51 23 76 93 31 54 80 92 61 85 86 26 0 36 98 67 32 3 47 12 17 68 30 22 100 98 3
89 32 72 88 65 17 79 95 47 56 61 83 1 18 79 49 99 82 53 87 69 93 64 21 83 51 39 72 76 7 54 40 91 6 82 36 0 62 47 79 80 4 66 33 22 85 15 12 23 34
29 65 50 26 63 61 72 81 62 10 67 63 88 91 50 66 84 59 19 34 58 2 28 93 77 96 45 31 7 99 55 24 0 33 41 98 62 0 14 25 36 51 21 37 18 62 15 96 56 14
60 43 92 62 28 92 85 10 46 73 49 45 1 97 68 38 9 68 88 89 31 39 27 70 60 6 35 15 0 72 80 15 36 96 87 67 47 14 0 73 89 55 4 20 14 45 7 46 77 93
15 31 54 65 62 74 83 47 93 94 37 40 92 7 17 92 0 13 1 26 9 82 65 78 49 52 71 28 18 43 39 90 7 57 95 32 79 25 73 0 62 84 42 23 26 74 45 62 33 57
65 40 82 97 51 84 81 16 85 78 57 70 70 65 33 67 9 57 63 93 75 86 10 57 51 89 25 77 27 51 23 38 23 35 51 3 80 36 89 62 0 48 28 52 85 9 78 33 18 19
31 31 84 31 8 94 75 70 23 37 91 36 16 37 40 26 63 4 9 3 10 94 2 88 76 91 40 59 1 4 56 55 99 63 48 47 4 51 55 84 48 0 11 18 19 55 9 75 52 77
70 66 45 58 14 80 34 96 12 66 2 67 77 17 57 95 100 86 62 82 98 25 23 68 53 77 35 45 73 44 12 74 28 39 2 12 66 21 4 42 28 11 0 85 24 44 24 57 12 3
26 48 21 99 14 74 27 61 97 68 17 50 86 95 65 82 6 27 7 5 27 50 19 34 7 65 25 45 68 59 39 55 42 49 51 17 33 37 20 23 52 18 85 0 81 60 33 1 93 71
74 60 49 36 52 47 39 39 43 98 37 94 71 21 46 0 33 74 37 34 12 76 64 18 9 81 3 68 97 92 90 4 13 32 14 68 22 18 14 26 85 19 24 81 0 3 74 11 78 74
59 6 26 43 59 68 88 9 41 55 88 17 93 22 75 18 64 29 14 36 19 52 44 81 48 82 23 18 73 1 91 18 82 13 36 30 85 62 45 74 9 55 44 60 3 0 12 11 3 38
22 66 86 23 24 34 46 80 53 98 52 15 1 33 91 78 41 24 69 14 91 49 32 48 18 64 68 14 1 4 83 32 0 84 60 22 15 15 7 45 78 9 24 33 74 12 0 78 54 79
63 64 18 10 5 44 83 92 60 90 97 55 3 34 10 48 49 86 16 68 51 58 69 4 89 23 4 23 5 7 1 67 60 99 52 100 12 96 46 62 33 75 57 1 11 11 78 0 64 12
37 85 24 87 10 41 21 45 55 67 53 6 73 31 96 63 35 73 24 90 1 37 68 98 70 91 25 48 84 96 40 77 43 93 15 98 23 56 77 33 18 52 12 93 78 3 54 64 0 4
93 39 24 8 100 65 99 54 88 96 59 76 56 52 81 57 63 44 96 33 84 5 97 67 21 51 30 67 77 3 40 62 60 28 53 3 34 14 93 57 19 77 3 71 74 38 79 12 4 0
